348
198
409
463
120
018
138
184
110
099
400
279
039
000
012
043
083
251
231
112
365
425
041
332
348
042
206
280
266
213
288
137
255
423
256
388
406
247
304
403
253
307
220
078
272
142
259
484
192
010
216
001
002
166
342
498
441
166
086
156
433
188
479
369
299
221
424
156
192
322
470
458
016
455
280
286
120
241
343
024
143
438
373
257
087
395
102
213
490
326
420
463
162
461
444
141
008
338
335
050
265
409
143
483
163
057
099
470
043
017
260
102
034
477
232
210
439
019
418
400
005
495
466
436
302
100
102
123
159
150
433
034
472
081
236
264
327
340
464
478
344
227
229
258
210
455
366
170
273
334
466
124
213
219
045
144
013
226
404
471
153
310
368
147
359
045
412
152
248
097
139
071
080
070
268
107
296
053
161
133
220
374
108
004
377
000
060
298
120
451
215
275
291
015
432
122
113
214
280
352
160
208
058
135
462
051
157
070
017
157
164
011
208
319
059
080
060
120
338
016
041
340
461
464
366
210
271
139
484
485
053
273
191
296
056
312
259
379
090
007
066
386
472
256
428
430
375
314
363
400
076
004
484
329
410
242
209
069
254
236
196
299
228
025
200
380
229
353
284
291
029
069
119
284
489
332
007
022
440
389
489
078
052
420
367
188
216
012
144
095
153
432
380
295
236
087
144
388
439
423
095
465
054
471
314
353
271
201
013
034
318
345
141
282
483
370
321
469
462
197
046
267
233
088
026
279
008
443
025
296
351
074
223
485
477
496
237
488
435
267
366
349
018
264
437
254
436
315
192
139
347
483
418
240
321
329
206
486
334
257
337
220
451
272
361
247
237
495
361
238
091
375
166
056
077
492
029
488
437
328
335
282
140
065
437
289
183
041
361
413
462
032
448
338
487
005
001
445
414
107
389
007
245
027
390
355
331
421
313
304
404
058
125
426
304
426
137
325
461
336
313
347
419
377
398
067
096
427
016
258
452
046
098
429
088
030
462
245
076
336
084
235
242
102
409
464
396
008
162
127
326
082
220
028
420
413
094
226
320
018
030
088
453
434
169
227
103
390
039
038
066
300
021
162
440
014
078
100
353
149
469
335
167
445
179
221
026
408
394
464
383
067
277
373
152
043
467
117
453
396
215
200
119
086
019
365
383
212
015
090
432
163
255
235
058
318
442
312
339
491
477
268
248
108
250
085
085
121
402
323
150
038
030
280
197
101
492
398
456
408
196
305
117
151
495
167
406
112
261
157
341
391
384
319
498
326
486
130
475
126
358
051
402
232
450
238
424
444
348
111
206
169
431
054
386
151
295
403
229
448
014
356
105
122
188
142
456
240
010
292
308
478
105
431
251
112
472
232
127
414
070
027
242
314
063
427
256
301
291
253
045
077
121
159
398
491
110
252
290
179
117
019
411
194
127
110
443
425
499
434
288
223
436
226
171
498
087
114
433
384
011
050
327
130
481
244
119
123
458
096
322
430
296
210
368
358
203
289
498
161
071
275
359
038
389
223
150
175
279
107
492
367
302
359
208
374
423
337
369
286
133
284
349
093
428
032
376
410
125
487
491
275
382
033
481
351
351
214
101
342
419
051
308
299
059
197
361
121
438
442
423
320
271
282
429
339
046
230
138
279
111
402
312
350
448
129
228
312
041
160
123
063
075
193
135
375
326
161
056
137
359
390
391
098
264
063
086
329
347
467
151
029
215
013
451
351
428
343
403
313
088
486
105
185
234
433
172
244
315
442
130
317
311
247
499
269
240
179
192
409
161
169
415
201
471
004
118
194
147
466
022
265
136
310
499
372
118
003
126
398
259
300
193
163
065
213
308
339
013
002
411
011
318
198
404
191
028
058
269
081
345
251
201
033
338
026
445
016
141
112
191
071
310
005
083
233
362
260
449
152
317
441
475
364
404
025
368
365
345
266
262
083
478
101
149
027
039
132
277
356
257
386
372
411
300
382
269
384
257
113
365
196
454
487
262
000
170
138
169
363
050
490
076
236
054
116
116
475
389
363
450
259
350
128
412
272
082
369
117
036
373
060
295
131
024
093
305
391
421
100
251
180
291
124
131
027
100
323
453
356
193
025
075
082
323
028
006
086
468
341
214
075
082
125
352
328
395
439
116
261
147
113
024
095
334
077
499
428
475
218
302
265
051
344
138
231
140
142
341
367
212
023
443
273
436
449
116
206
490
410
441
141
004
001
094
032
180
081
046
184
087
156
036
449
378
414
171
394
420
425
426
193
154
096
244
003
114
465
455
452
154
067
284
362
111
109
014
343
021
012
377
275
171
325
190
298
273
118
250
184
262
315
427
177
128
276
308
408
238
162
084
272
325
440
066
214
467
005
377
175
022
458
252
276
190
379
495
114
190
109
413
167
327
132
199
383
219
380
445
194
163
391
252
135
378
091
208
342
090
022
250
260
310
468
052
132
171
258
136
286
056
486
219
307
151
119
362
018
440
129
153
370
055
266
216
358
485
221
267
286
378
230
065
128
418
383
419
053
003
434
472
146
234
345
408
234
095
448
026
108
200
292
331
130
227
358
449
170
007
039
126
136
282
415
188
111
288
453
196
097
323
091
209
350
212
277
325
396
322
248
355
329
038
185
247
406
350
301
429
000
415
253
304
172
406
057
253
131
008
368
175
340
057
131
059
413
010
311
009
157
384
295
396
164
260
437
023
166
203
218
339
215
488
402
091
074
133
429
431
154
456
094
298
142
124
012
199
452
438
442
322
328
320
221
010
199
254
093
074
470
149
096
264
183
233
454
055
378
301
029
390
074
266
050
241
426
432
318
481
201
146
219
150
042
097
356
261
140
125
060
302
463
223
467
481
194
372
344
376
289
479
132
160
331
439
347
469
228
234
017
343
307
235
301
489
349
184
267
492
328
203
009
042
067
053
256
023
190
487
109
093
003
021
255
127
276
395
240
435
083
315
006
434
372
271
021
136
129
421
479
386
463
414
367
177
289
085
376
394
084
352
258
317
362
424
269
410
077
412
098
105
180
332
394
366
337
450
118
076
180
321
403
388
160
435
070
024
069
242
298
080
254
200
177
452
233
084
071
245
237
411
443
069
043
103
382
319
185
235
327
425
496
175
479
209
319
337
147
198
415
019
094
400
332
230
054
122
229
305
375
305
352
033
154
355
230
468
001
036
435
123
395
045
075
232
311
023
311
469
059
299
237
465
114
456
197
321
379
032
015
063
438
014
461
227
374
470
250
320
101
042
065
373
085
226
143
444
336
121
109
126
140
110
471
017
336
172
485
334
478
156
477
128
348
122
081
277
379
244
231
108
002
427
290
159
451
454
009
199
036
496
218
450
370
313
133
421
335
483
364
344
261
245
268
209
055
006
033
097
241
412
099
349
380
290
078
376
231
496
034
290
466
185
146
317
300
135
152
489
183
430
276
015
177
484
080
107
030
255
458
355
164
137
465
307
216
491
353
252
369
424
143
431
292
183
164
268
490
331
455
052
488
454
066
191
248
430
167
418
057
241
052
103
238
124
090
103
011
340
444
342
170
098
212
146
129
179
139
099
203
009
364
288
113
374
419
382
144
159
314
364
370
153
388
262
198
265
172
028
149
363
006
292
055
341
218
468
002
