258
039
123
212
467
194
481
111
471
276
345
407
065
224
237
185
377
406
239
480
113
273
108
060
021
073
242
084
296
016
348
308
313
216
367
337
420
451
434
218
270
488
081
067
469
096
140
093
409
167
061
192
387
342
007
462
335
453
279
251
054
461
124
353
048
226
278
015
375
189
474
180
429
366
245
493
421
017
162
475
427
425
338
317
059
046
026
056
289
343
354
168
464
465
316
330
403
131
161
003
200
293
369
051
188
210
495
033
002
494
000
472
028
491
358
076
286
445
179
388
310
241
122
150
232
145
228
136
287
433
483
146
249
300
373
431
058
440
101
075
444
262
362
268
155
223
399
156
029
333
102
107
277
234
486
057
229
143
183
413
398
381
083
266
012
105
115
235
149
030
095
196
024
476
314
247
043
390
452
380
349
104
243
135
201
359
336
213
484
202
053
352
032
074
417
190
148
017
463
346
454
347
441
473
459
360
079
357
341
443
100
438
393
019
257
415
312
116
281
255
119
442
328
295
125
391
181
078
414
332
428
037
023
091
302
412
265
326
134
496
259
205
304
418
487
350
426
351
430
197
133
422
219
405
186
479
106
087
423
198
470
363
250
103
052
267
322
132
174
252
260
031
392
068
344
154
166
384
297
327
394
165
460
144
128
231
497
325
009
070
097
458
152
126
130
356
018
178
170
208
272
195
383
298
214
098
477
499
077
088
094
221
318
222
027
374
280
042
160
025
217
227
005
215
324
291
137
376
446
315
153
184
004
299
069
248
118
099
047
307
036
173
045
323
193
311
309
372
361
256
271
169
294
207
177
319
448
138
485
253
365
411
285
238
457
187
261
206
176
141
121
157
290
199
090
159
490
041
439
305
284
064
288
303
089
066
379
063
129
466
001
203
385
049
014
321
151
492
395
246
164
437
408
010
225
370
264
092
080
397
114
142
040
204
419
220
275
163
172
050
263
274
110
071
055
489
416
386
301
482
013
236
209
329
117
282
182
082
447
355
331
085
456
340
364
062
306
109
211
147
339
449
498
112
320
072
038
020
402
436
410
175
158
244
435
240
450
371
292
404
478
368
230
424
086
120
334
191
269
468
378
044
233
400
127
006
283
254
171
401
139
034
035
382
011
432
022
396
389
455
008
